%YAML:1.0
---
rotation: !!opencv-matrix
   rows: 3
   cols: 3
   dt: d
   data: [ 9.9861997455461471e-01, -4.4901084825238360e-04,
       -5.2516138565194395e-02, -2.9833535800130443e-05,
       9.9995843972932696e-01, -9.1169032050444770e-03,
       5.2518049568702457e-02, 9.1058883887383708e-03,
       9.9857845824259150e-01 ]
translation: !!opencv-matrix
   rows: 3
   cols: 1
   dt: d
   data: [ -7.7139994901996639e-03, 1.1832715385414086e-03,
       1.0322185922350090e-02 ]
essential: !!opencv-matrix
   rows: 3
   cols: 3
   dt: d
   data: [ 6.2451060617602560e-05, -1.0310982190945690e-02,
       1.2756958385575575e-03, 1.0713065250724501e-02,
       6.5608044931729601e-05, 7.1609523716138811e-03,
       -1.1814084578294682e-03, -7.7131475925356456e-03,
       1.3246863875420416e-04 ]
fundamental: !!opencv-matrix
   rows: 3
   cols: 3
   dt: d
   data: [ -2.1377209844232267e-07, 3.5294506395060743e-05,
       -8.4365287032360219e-03, -3.6597914501976487e-05,
       -2.2412771231930563e-07, 5.4146889945200455e-04,
       2.3382380931618936e-02, -5.4857067245995634e-03, 1. ]
