%YAML:1.0
---
depthShift: -5.1132611354410521e+01
