%YAML:1.0
---
cameraMatrix: !!opencv-matrix
   rows: 3
   cols: 3
   dt: d
   data: [ 1.0433621347564267e+03, 0., 9.3920564434006087e+02, 0.,
       1.0454510069414425e+03, 5.1812370965259834e+02, 0., 0., 1. ]
distortionCoefficients: !!opencv-matrix
   rows: 1
   cols: 5
   dt: d
   data: [ 3.7507754157959365e-02, 2.1367495518717992e-02,
       -8.3557962473024168e-03, -5.4151782272329769e-03,
       -1.4277150062748054e-01 ]
rotation: !!opencv-matrix
   rows: 3
   cols: 3
   dt: d
   data: [ 1., 0., 0., 0., 1., 0., 0., 0., 1. ]
projection: !!opencv-matrix
   rows: 4
   cols: 4
   dt: d
   data: [ 1.0433621347564267e+03, 0., 9.3920564434006087e+02, 0., 0.,
       1.0454510069414425e+03, 5.1812370965259834e+02, 0., 0., 0., 1.,
       0., 0., 0., 0., 1. ]
