%YAML:1.0
---
cameraMatrix: !!opencv-matrix
   rows: 3
   cols: 3
   dt: d
   data: [ 3.4839645488564503e+02, 0., 2.4646529455509167e+02, 0.,
       3.4839976495381285e+02, 1.9742040780023245e+02, 0., 0., 1. ]
distortionCoefficients: !!opencv-matrix
   rows: 1
   cols: 5
   dt: d
   data: [ 6.5160037063378223e-02, -2.1405956522333952e-01,
       -1.0907132029508227e-02, -7.9966752055673062e-03,
       -1.4738102363753491e-01 ]
rotation: !!opencv-matrix
   rows: 3
   cols: 3
   dt: d
   data: [ 1., 0., 0., 0., 1., 0., 0., 0., 1. ]
projection: !!opencv-matrix
   rows: 4
   cols: 4
   dt: d
   data: [ 3.4839645488564503e+02, 0., 2.4646529455509167e+02, 0., 0.,
       3.4839976495381285e+02, 1.9742040780023245e+02, 0., 0., 0., 1.,
       0., 0., 0., 0., 1. ]
